STEP | SLICE | START_MS | END_MS | DUR
---------------------------------------
0001 | 00002 |    185.8 |    250.2 | 0.064s
0002 | 00003 |    250.2 |    333.6 | 0.083s
0003 | 00002 |    185.8 |    250.2 | 0.064s
0004 | 00003 |    250.2 |    333.6 | 0.083s
0005 | 00004 |    333.6 |    394.7 | 0.061s
0006 | 00005 |    394.7 |    500.4 | 0.106s
0007 | 00008 |    638.5 |    766.3 | 0.128s
0008 | 00009 |    766.3 |    835.9 | 0.070s
0009 | 00008 |    638.5 |    766.3 | 0.128s
0010 | 00009 |    766.3 |    835.9 | 0.070s
0011 | 00010 |    835.9 |    940.4 | 0.104s
0012 | 00011 |    940.4 |   1000.8 | 0.060s
0013 | 00012 |   1000.8 |   1079.7 | 0.079s
0014 | 00013 |   1079.7 |   1149.4 | 0.070s
0015 | 00014 |   1149.4 |   1251.0 | 0.102s
0016 | 00015 |   1251.0 |   1334.4 | 0.083s

SEQUENCE:
02 03 02 03 04 05 08 09 08 09 10 11 12 13 14 15