STEP | SLICE | START_MS | END_MS | DUR
---------------------------------------
0001 | 00000 |      0.0 |    185.8 | 0.186s
0002 | 00001 |    185.8 |    348.3 | 0.163s
0003 | 00002 |    348.3 |    568.9 | 0.221s
0004 | 00003 |    568.9 |    743.0 | 0.174s
0005 | 00006 |   1102.9 |   1277.1 | 0.174s
0006 | 00007 |   1277.1 |   1486.1 | 0.209s
0007 | 00006 |   1102.9 |   1277.1 | 0.174s
0008 | 00007 |   1277.1 |   1486.1 | 0.209s
0009 | 00008 |   1486.1 |   1683.4 | 0.197s
0010 | 00009 |   1683.4 |   1822.8 | 0.139s
0011 | 00010 |   1822.8 |   2031.7 | 0.209s
0012 | 00011 |   2031.7 |   2229.1 | 0.197s
0013 | 00014 |   2600.6 |   2786.4 | 0.186s
0014 | 00015 |   2786.4 |   2975.6 | 0.189s
0015 | 00014 |   2600.6 |   2786.4 | 0.186s
0016 | 00015 |   2786.4 |   2975.6 | 0.189s

SEQUENCE:
00 01 02 03 06 07 06 07 08 09 10 11 14 15 14 15