STEP | SLICE | START_MS | END_MS | DUR
---------------------------------------
0001 | 00000 |      0.0 |    197.8 | 0.198s
0002 | 00002 |    348.3 |    545.7 | 0.197s
0003 | 00003 |    545.7 |    731.4 | 0.186s
0004 | 00002 |    348.3 |    545.7 | 0.197s
0005 | 00004 |    731.4 |    905.6 | 0.174s
0006 | 00004 |    731.4 |    905.6 | 0.174s
0007 | 00006 |   1091.3 |   1277.1 | 0.186s
0008 | 00007 |   1277.1 |   1462.9 | 0.186s
0009 | 00008 |   1462.9 |   1660.9 | 0.198s
0010 | 00010 |   1811.2 |   2008.5 | 0.197s
0011 | 00010 |   1811.2 |   2008.5 | 0.197s
0012 | 00011 |   2008.5 |   2171.1 | 0.163s
0013 | 00015 |   2751.6 |   2941.0 | 0.189s
0014 | 00014 |   2565.8 |   2751.6 | 0.186s
0015 | 00013 |   2380.0 |   2565.8 | 0.186s
0016 | 00012 |   2171.1 |   2380.0 | 0.209s

SEQUENCE:
00 02 03 02 04 04 06 07 08 10 10 11 15 14 13 12