STEP | SLICE | START_MS | END_MS | DUR
---------------------------------------
0001 | 00000 |      0.0 |    197.8 | 0.198s
0002 | 00001 |    197.8 |    348.3 | 0.150s
0003 | 00002 |    348.3 |    545.7 | 0.197s
0004 | 00003 |    545.7 |    731.4 | 0.186s
0005 | 00004 |    731.4 |    905.6 | 0.174s
0006 | 00005 |    905.6 |   1091.3 | 0.186s
0007 | 00006 |   1091.3 |   1277.1 | 0.186s
0008 | 00007 |   1277.1 |   1462.9 | 0.186s
0009 | 00008 |   1462.9 |   1660.9 | 0.198s
0010 | 00009 |   1660.9 |   1811.2 | 0.150s
0011 | 00009 |   1660.9 |   1811.2 | 0.150s
0012 | 00011 |   2008.5 |   2171.1 | 0.163s
0013 | 00012 |   2171.1 |   2380.0 | 0.209s
0014 | 00013 |   2380.0 |   2565.8 | 0.186s
0015 | 00014 |   2565.8 |   2751.6 | 0.186s
0016 | 00014 |   2565.8 |   2751.6 | 0.186s

SEQUENCE:
00 01 02 03 04 05 06 07 08 09 09 11 12 13 14 14