STEP | SLICE | START_MS | END_MS | DUR
---------------------------------------
0001 | 00000 |      0.0 |     92.9 | 0.093s
0002 | 00001 |     92.9 |    185.8 | 0.093s
0003 | 00002 |    185.8 |    348.3 | 0.163s
0004 | 00003 |    348.3 |    441.2 | 0.093s
0005 | 00004 |    441.2 |    489.0 | 0.048s
0006 | 00005 |    489.0 |    545.7 | 0.057s
0007 | 00006 |    545.7 |    696.6 | 0.151s
0008 | 00007 |    696.6 |    743.0 | 0.046s
0009 | 00006 |    545.7 |    696.6 | 0.151s
0010 | 00007 |    696.6 |    743.0 | 0.046s
0011 | 00010 |    940.4 |   1044.9 | 0.104s
0012 | 00011 |   1044.9 |   1126.2 | 0.081s
0013 | 00012 |   1126.2 |   1230.7 | 0.104s
0014 | 00013 |   1230.7 |   1311.9 | 0.081s
0015 | 00014 |   1311.9 |   1404.8 | 0.093s
0016 | 00015 |   1404.8 |   1498.8 | 0.094s

SEQUENCE:
00 01 02 03 04 05 06 07 06 07 10 11 12 13 14 15